w1=[0.28 1.31 -6.2;
   0.07 0.58 -.78;
   1.54 2.01 -1.63;
   -0.44 1.18 -4.32;
   -.81 .21 5.73;
   1.52 3.16 2.77;
   2.20 2.42 -.19;
   .91 1.94 6.21;
   .65 1.93 4.38;
   -.26 .82 -.96]
w2=[.011 1.03 -.21;
    1.27 1.28 .08;
    .13 3.12 .16;
    -.21 1.23 -.11;
    -2.18 1.39 -.19;
    .34 1.96 -.16;
    -1.38 .94 .16;
    -.12 .82 .17;
    -1.44 2.31 .14;
    .26 1.94 .08]
w3=[1.36 2.17 .14
    1.41 1.45 -.38
    1.22 .99 .69
    2.46 2.19 1.31
    .68 .79 .87
    2.51 3.22 1.35
    .60 2.44 .92
    .64 .13 .97
    .85 .58 .99
    .08 .51 .88]